#----------------------------------------------------------------------------------------
# mrg-routes.rb
#
# Route data.
#
# The data in this file is sorted numerically as if the following Bash commands were used:
#
#   export LC_NUMERIC=C
#   sort -bn -t ',' -k1.2 -k2
#
# While mathods that search this data or build graphs from it may not depend on this
# ordering, it does allow for faster human eyeballing of the data and also allows
# for additional optimizations while searching for routes.
#
# Author: Kelvin R Lawrence  27th November-2013 - Present
#----------------------------------------------------------------------------------------

module MRGRoutes

# ---------------------------------------------------------------------------------------
# AIR ROUTE EDGES
# 
# This first set is for the small (46 airport) graph.
# 
# The columns are:
#   start-id,destination-id,distance (in miles)                                       
# ---------------------------------------------------------------------------------------
ROUTE_DATA = 
  [[1,3,809],
   [1,4,214],                 
   [1,5,945],
   [1,6,576],
   [1,7,546],
   [1,8,729],
   [1,9,581],
   [1,10,533],
   [1,11,688],
   [1,12,759],
   [1,13,1941],
   [1,14,761],
   [1,15,404],
   [1,16,596],
   [1,17,906],
   [1,18,606],
   [1,19,546],
   [1,20,1580],
   [1,21,356],
   [1,22,2180],
   [1,23,2130],
   [1,24,2110],
   [1,25,406],
   [1,26,1890],
   [1,27,2460],
   [1,28,1910],
   [1,29,1590],
   [1,30,1740],
   [1,31,1200],
   [1,32,780],
   [1,33,872],
   [1,34,424],
   [1,35,745],
   [1,36,694],
   [1,37,4502],
   [1,38,693],
   [1,39,1279],
   [1,40,1550],
   [1,41,556],
   [1,42,2124],
   [1,43,1540],
   [1,45,667],
   [1,46,596],
   [2,8,3030],
   [2,11,3260],
   [2,13,2340],
   [2,17,2519],
   [2,18,2840],
   [2,20,2547],
   [2,22,1440],
   [2,23,2010],
   [2,27,2360],
   [2,30,2304],
   [2,31,2400],
   [2,37,2778],
   [3,1,809],
   [3,4,755],
   [3,5,1690],
   [3,6,1339],
   [3,7,1313],
   [3,8,190],
   [3,9,1110],
   [3,10,1294],
   [3,11,142],
   [3,12,1520],
   [3,13,1230],
   [3,15,994],
   [3,16,1101],
   [3,17,1040],
   [3,18,973],
   [3,20,866],
   [3,21,1159],
   [3,22,1768],
   [3,23,1500],
   [3,24,1476],
   [3,25,925],
   [3,26,1160],
   [3,27,1220],
   [3,28,1206],
   [3,29,1080],
   [3,30,1080],
   [3,31,768],
   [3,33,66],
   [3,37,3755],
   [3,34,444],
   [3,35,1500],
   [3,38,152],
   [3,39,527],
   [3,41,1173],
   [3,42,1493],
   [3,43,795],
   [3,45,1430],
   [3,46,1140],
   [4,1,214],
   [4,3,755],
   [4,5,939],
   [4,6,586],
   [4,7,560],
   [4,8,630],
   [4,9,793],
   [4,10,540],
   [4,11,657],
   [4,12,763],
   [4,13,1790],
   [4,14,762],
   [4,15,616],
   [4,16,806],
   [4,17,694],
   [4,18,409],
   [4,20,1444],
   [4,21,441],
   [4,22,1972],
   [4,23,1963],
   [4,25,612],
   [4,26,1746],
   [4,29,1400],
   [4,30,1582],
   [4,31,1010],
   [4,33,820],
   [4,34,471],
   [4,35,745],
   [4,36,481],
   [4,38,669],
   [4,41,448],
   [4,42,1953],
   [4,45,674],
   [4,46,456],
   [5,1,945],
   [5,3,1690],
   [5,4,939],
   [5,6,368],
   [5,7,398],
   [5,8,1560],
   [5,9,1240],
   [5,10,411],
   [5,11,1590],
   [5,12,186],
   [5,13,2600],
   [5,14,184],
   [5,15,1120],
   [5,16,1260],
   [5,17,1120],
   [5,18,863],
   [5,19,1200],
   [5,20,2290],
   [5,21,612],
   [5,22,2490],
   [5,23,2700],
   [5,24,2680],
   [5,25,1180],
   [5,26,2580],
   [5,27,2590],
   [5,29,2100],
   [5,30,2370],
   [5,31,1750],
   [5,32,166],
   [5,34,1370],
   [5,35,200],
   [5,37,5083],
   [5,38,1610],
   [5,40,1677],
   [5,41,560],
   [5,42,2680],
   [5,45,278],
   [5,46,629],
   [6,1,577],
   [6,4,586],
   [6,5,368],
   [6,8,1210],
   [6,9,925],
   [6,11,1230],
   [6,12,184],
   [6,13,2320],
   [6,15,788],
   [6,16,947],
   [6,17,936],
   [6,18,620],
   [6,19,885],
   [6,20,1999],
   [6,21,255],
   [6,22,2335],
   [6,23,2450],
   [6,24,2431],
   [6,25,842],
   [6,26,2295],
   [6,29,1865],
   [6,3,1339],
   [6,30,2106],
   [6,31,1490],
   [6,33,1410],
   [6,34,998],
   [6,35,169],
   [6,38,1240],
   [6,40,1567],
   [6,41,313],
   [6,42,2440],
   [6,45,91],
   [6,46,408],
   [7,1,547],
   [7,3,1313],
   [7,4,560],
   [7,5,398],
   [7,8,1190],
   [7,9,899],
   [7,11,1210],
   [7,12,213],
   [7,13,2300],
   [7,14,214],
   [7,15,760],
   [7,16,921],
   [7,17,931],
   [7,18,610],
   [7,19,859],
   [7,21,226],
   [7,22,2320],
   [7,23,2434],
   [7,25,815],
   [7,26,2276],
   [7,30,2089],
   [7,31,1470],
   [7,32,233],    
   [7,34,969],
   [7,35,199],
   [7,38,1220],
   [7,40,1557],
   [7,45,120],
   [7,41,309],
   [7,46,405],
   [8,1,729],
   [8,2,3030],
   [8,3,190],
   [8,4,630],
   [8,5,1560],
   [8,6,1210],
   [8,7,1190],
   [8,9,1120],
   [8,10,1170],
   [8,11,225],
   [8,12,1390],
   [8,13,1230],
   [8,14,1390],
   [8,15,983],
   [8,16,1120],
   [8,17,852],
   [8,18,801],
   [8,19,1100],
   [8,20,865],
   [8,21,1060],
   [8,22,1660],
   [8,23,1460],
   [8,24,1430],
   [8,25,927],
   [8,26,1170],
   [8,28,1200],
   [8,29,986],
   [8,30,1050],
   [8,31,640],
   [8,33,248],
   [8,34,448],
   [8,35,1370],
   [8,36,686],
   [8,37,3770],
   [8,38,248],
   [8,39,549],
   [8,40,2162],
   [8,41,1019],
   [8,42,1452],
   [8,43,810],
   [8,44,549],
   [8,45,1300],
   [8,46,986],
   [9,1,582],
   [9,3,1110],
   [9,4,793],
   [9,5,1240],
   [9,6,925],
   [9,7,899],
   [9,8,1120],
   [9,10,901],
   [9,11,964],
   [9,12,1070],
   [9,13,2337],
   [9,14,1080],
   [9,15,177],
   [9,17,1487],
   [9,18,1180],
   [9,20,1972],
   [9,21,681],
   [9,22,2712],
   [9,23,2577],
   [9,25,197],
   [9,26,2263],
   [9,27,2322],
   [9,29,2080],
   [9,30,2173],
   [9,31,1700],
   [9,32,1100],
   [9,33,1143],
   [9,34,674],
   [9,35,1065],
   [9,38,955],
   [9,40,1045],
   [9,41,1063],
   [9,45,995],
   [9,46,1130],
   [10,1,535],
   [10,3,1294],
   [10,4,540],
   [10,5,411],
   [10,8,1170],
   [10,9,901],
   [10,11,1190],
   [10,12,227],
   [10,13,2280],
   [10,14,228],
   [10,15,758],
   [10,16,922],
   [10,17,908],
   [10,18,587],
   [10,20,1951],
   [10,21,224],
   [10,22,2300],
   [10,23,2410],
   [10,25,811],
   [10,26,2253],
   [10,29,1822],
   [10,30,2059],
   [10,31,1450],
   [10,33,1360],
   [10,34,955],
   [10,35,212],
   [10,37,4806],
   [10,40,1573],
   [10,41,287],
   [10,42,2401],
   [10,45,135],
   [10,46,383],
   [11,1,687],
   [11,2,3260],
   [11,3,142],
   [11,4,657],
   [11,5,1590],
   [11,6,1230],
   [11,7,1210],
   [11,8,225],
   [11,9,964],
   [11,10,1190],
   [11,12,1410],
   [11,13,1370],
   [11,14,1420],
   [11,15,852],
   [11,16,963],
   [11,17,1040],
   [11,18,926],
   [11,19,954],
   [11,20,1010],
   [11,21,1040],
   [11,22,1870],
   [11,23,1630],
   [11,24,1600],
   [11,25,786],
   [11,26,1300],
   [11,28,1340],
   [11,29,1190],
   [11,30,1220],
   [11,31,861],
   [11,33,190],
   [11,34,304],
   [11,35,1400],
   [11,37,3890],
   [11,39,665],
   [11,40,2004],
   [11,41,1090],
   [11,43,933],
   [11,45,1320],
   [11,46,1080],
   [12,1,760],
   [12,3,1520],
   [12,4,763],
   [12,5,186],
   [12,6,184],
   [12,7,213],
   [12,8,1390],
   [12,9,1070],     
   [12,10,227],
   [12,11,1410],
   [12,13,2470],
   [12,15,945],
   [12,16,1090],
   [12,17,1020],
   [12,18,737],
   [12,19,1030],
   [12,20,2150],
   [12,21,427],
   [12,22,2410],
   [12,23,2580],
   [12,24,2560],
   [12,25,1010],
   [12,26,2440],
   [12,27,2460],
   [12,28,2447],
   [12,29,1980],
   [12,30,2240],
   [12,31,1620],
   [12,33,1580],
   [12,34,1180],
   [12,37,4970],
   [12,38,1430],
   [12,40,1600],
   [12,41,423],
   [12,42,2567],
   [12,43,2131],
   [12,45,93],
   [12,46,507],
   [13,1,1940],
   [13,2,2340],
   [13,3,1230],
   [13,4,1790],
   [13,5,2600],
   [13,6,2320],
   [13,7,2300],
   [13,8,1230],
   [13,9,2337],
   [13,10,2280],
   [13,11,1370],
   [13,12,2470],
   [13,15,2210],
   [13,16,2340],
   [13,17,1530],
   [13,18,1740],
   [13,19,2324],
   [13,20,369],
   [13,21,2230],
   [13,22,954],
   [13,23,338],
   [13,24,294],
   [13,25,2150],
   [13,26,109],
   [13,29,589],
   [13,30,236],
   [13,31,860],
   [13,33,1210],
   [13,34,1670],
   [13,35,2450],
   [13,36,1550],
   [13,37,2550],
   [13,38,1390],
   [13,39,712],
   [13,41,2047],
   [13,42,337],
   [13,43,450],
   [13,44,708],
   [13,45,2390],
   [13,46,1970],
   [14,1,761],
   [14,4,762],
   [14,5,184],
   [14,7,214],
   [14,8,1390],
   [14,9,1080],
   [14,10,228],
   [14,11,1420],
   [14,15,950],
   [14,16,1100],
   [14,17,1020],
   [14,18,731],
   [14,19,1040],
   [14,20,2143],
   [14,21,431],
   [14,25,1010],
   [14,31,1610],
   [14,34,1180],
   [14,38,1430],
   [14,41,417],
   [14,45,94],
   [14,46,500],
   [15,1,404],
   [15,3,994],
   [15,4,616],
   [15,5,1120],
   [15,6,788],
   [15,7,760],
   [15,8,983],
   [15,9,177],
   [15,10,758],
   [15,11,852],
   [15,12,945],
   [15,13,2210],
   [15,14,950],
   [15,16,193],
   [15,17,1310],
   [15,18,1010],
   [15,20,1844],
   [15,21,534],
   [15,22,2549],
   [15,23,2440],
   [15,24,2415],
   [15,26,2143],
   [15,29,1930],
   [15,30,2030],
   [15,31,1540],
   [15,32,972],
   [15,33,1038],
   [15,34,550],
   [15,35,938],
   [15,36,1097],
   [15,38,847],
   [15,40,1188],
   [15,41,896],
   [15,45,863],
   [15,46,958],
   [16,1,596],
   [16,3,1101],
   [16,4,806],
   [16,5,1260],
   [16,6,947],
   [16,7,921],
   [16,8,1120],
   [16,10,922],
   [16,11,963],
   [16,12,1090],
   [16,13,2340],
   [16,14,1100],
   [16,15,193],
   [16,17,1501],
   [16,18,1200],
   [16,20,1967],
   [16,21,702],
   [16,22,2720],
   [16,23,2580],
   [16,25,204],
   [16,26,2262],
   [16,29,2085],
   [16,30,2169],
   [16,31,1710],
   [16,32,1120],
   [16,33,1140],
   [16,34,674],
   [16,35,1087],
   [16,38,953],
   [16,40,1044],
   [16,41,1082],
   [16,45,1020],
   [16,46,1150],
   [17,1,906],
   [17,2,2519],
   [17,3,1040],
   [17,4,694],
   [17,5,1120],
   [17,6,936],
   [17,7,931],
   [17,8,852],
   [17,9,1487],
   [17,10,908],
   [17,11,1040],
   [17,12,1020],
   [17,13,1530],
   [17,14,1020],
   [17,15,1310],
   [17,16,1501],
   [17,18,333],
   [17,19,1452],
   [17,20,1276],
   [17,21,978],
   [17,22,1390],
   [17,23,1584],
   [17,24,1575],
   [17,25,1306],
   [17,26,1532],
   [17,28,1522],
   [17,29,991],
   [17,30,1299],
   [17,31,679],
   [17,33,1097],
   [17,34,1039],
   [17,35,1008],
   [17,36,220],
   [17,37,3964],
   [17,41,620],
   [17,42,1578],
   [17,43,1296],
   [17,45,977],
   [17,46,526],
   [18,1,606],
   [18,2,2840],
   [18,3,973],
   [18,4,409],
   [18,5,863],
   [18,6,620],
   [18,7,610],
   [18,8,801],
   [18,9,1180],
   [18,10,587],
   [18,11,926],
   [18,12,737],
   [18,13,1740],
   [18,14,731],
   [18,15,1010],
   [18,16,1200],
   [18,17,333],
   [18,19,1140],
   [18,20,1440],
   [18,21,645],
   [18,22,1710],
   [18,23,1840],
   [18,24,1820],
   [18,25,1010],
   [18,26,1720],
   [18,28,1720],
   [18,29,1250],
   [18,30,1510],
   [18,31,885],
   [18,32,735],
   [18,33,1040],
   [18,34,838],
   [18,35,717],
   [18,36,195],
   [18,37,4230],
   [18,39,1234],
   [18,40,2072],
   [18,41,314],
   [18,42,1830],
   [18,43,1434],
   [18,45,676],
   [18,46,234],
   [19,1,546],
   [19,5,1200],
   [19,6,885],
   [19,7,859],
   [19,8,1100],
   [19,11,954],
   [19,12,1030],
   [19,13,2324],
   [19,14,1040],
   [19,17,1452],
   [19,18,1140],
   [19,21,639],
   [19,25,174],
   [19,31,1677],
   [19,32,1060],
   [19,35,1023],
   [19,40,1062],
   [19,41,1021],
   [19,45,953],
   [19,46,1090],
   [20,1,1580],
   [20,2,2547],
   [20,3,866],
   [20,4,1444],
   [20,5,2290],
   [20,6,1999],
   [20,8,865],
   [20,9,1972],
   [20,10,1951],
   [20,11,1010],
   [20,12,2150],
   [20,13,369],
   [20,14,2143],
   [20,15,1844],
   [20,16,1967],
   [20,17,1276],
   [20,18,1440],
   [20,21,1885],
   [20,22,1106],
   [20,23,649],
   [20,24,621],
   [20,26,304],
   [20,28,338],
   [20,29,508],
   [20,30,255],
   [20,31,601],
   [20,33,841],
   [20,34,1300],
   [20,35,2133],
   [20,37,2911], 
   [20,38,1020],
   [20,39,346],
   [20,41,1733],
   [20,42,644],
   [20,43,110],
   [20,44,369],
   [20,45,2070],
   [20,46,1670],
   [21,1,356],
   [21,3,1159],
   [21,4,441],
   [21,5,612],
   [21,6,255],
   [21,7,226],
   [21,8,1060],
   [21,9,681],
   [21,10,224],
   [21,11,1040],
   [21,12,427],
   [21,13,2230],
   [21,14,431],
   [21,15,534],
   [21,16,702],
   [21,17,978],
   [21,18,645],
   [21,19,639],
   [21,20,1885],
   [21,22,2347],
   [21,23,2392],
   [21,25,588],
   [21,26,2187],
   [21,29,1818],
   [21,30,2020],
   [21,31,1430],
   [21,33,1222],
   [21,35,416],
   [21,34,778],
   [21,38,1050],
   [21,40,1434],
   [21,41,416],
   [21,45,338],
   [21,46,501],
   [22,1,2180],
   [22,2,1440],
   [22,3,1768],
   [22,4,1972],
   [22,5,2490],
   [22,7,2320],
   [22,6,2335],
   [22,8,1660],
   [22,9,2712],
   [22,10,2300],
   [22,11,1870],
   [22,12,2410],
   [22,13,954],
   [22,15,2549],
   [22,16,2720],
   [22,17,1390],
   [22,18,1710],
   [22,20,1106],
   [22,21,2347],
   [22,23,678],
   [22,24,696],
   [22,25,2515],
   [22,26,1050],
   [22,27,965],
   [22,28,978],
   [22,29,687],
   [22,30,866],
   [22,31,1020],
   [22,33,1772],
   [22,34,2082],
   [22,35,2393],
   [22,37,2670],
   [22,38,1891],
   [22,39,1367],
   [22,42,671],
   [22,43,1215],
   [22,45,2370],
   [22,46,1920],
   [23,1,2130],
   [23,2,2010],
   [23,3,1500],
   [23,4,1963],
   [23,5,2700],
   [23,6,2450],
   [23,7,2434],
   [23,8,1460],
   [23,9,2577],
   [23,10,2410],
   [23,11,1630],
   [23,12,2580],
   [23,13,338],
   [23,15,2440],
   [23,16,2580],
   [23,17,1584],
   [23,18,1840],
   [23,20,649],
   [23,21,2392],
   [23,22,678],
   [23,25,2387],
   [23,26,446],
   [23,27,354],
   [23,28,371],
   [23,29,597],
   [23,30,412],
   [23,31,965],
   [23,33,1480],
   [23,34,1910],
   [23,35,2560],
   [23,37,2390],
   [23,41,2154],
   [23,43,750],
   [23,45,2510],
   [23,46,2070],
   [24,1,2110],
   [24,3,1476],
   [24,5,2680],
   [24,6,2431],
   [24,8,1430],
   [24,11,1600],
   [24,12,2560],            
   [24,13,294],
   [24,15,2415],
   [24,17,1575],
   [24,18,1820],
   [24,20,621],
   [24,22,696],
   [24,26,417],
   [24,27,324],
   [24,28,342],
   [24,29,584],
   [24,30,386],
   [24,31,946],
   [24,33,1451],
   [24,34,1880],
   [24,35,2541],
   [24,37,2410],
   [24,38,1618],
   [24,43,720],
   [24,46,2056],
   [25,1,406],
   [25,3,925],
   [25,4,612],
   [25,5,1180],
   [25,6,842],
   [25,7,815],
   [25,8,927],
   [25,9,197],
   [25,10,811],
   [25,11,786],
   [25,12,1010],
   [25,13,2150],
   [25,14,1010],
   [25,16,204],
   [25,17,1306],
   [25,18,1010],
   [25,19,174],
   [25,21,588],
   [25,22,2515],
   [25,23,2387],
   [25,26,2081],
   [25,29,1884],
   [25,30,1984],
   [25,31,1500],
   [25,32,1030],
   [25,33,970],
   [25,34,488],
   [25,35,997],
   [25,38,779],
   [25,40,1236],
   [25,41,928],
   [25,45,922],
   [25,46,985],
   [26,1,1890],
   [26,3,1160],
   [26,4,1746],
   [26,5,2580],
   [26,6,2296],
   [26,7,2276],
   [26,8,1170],
   [26,9,2263],
   [26,10,2253],
   [26,11,1300],
   [26,12,2440],
   [26,13,109],
   [26,15,2143],
   [26,16,2262],
   [26,17,1532],
   [26,18,1720],
   [26,20,304],
   [26,21,2187],
   [26,22,1050],
   [26,23,446],
   [26,24,417],
   [26,25,2081],
   [26,29,626],
   [26,30,258],
   [26,31,852],
   [26,33,1129],
   [26,34,1599],
   [26,35,2425],
   [26,37,2614],
   [26,38,1310],
   [26,39,634],
   [26,42,446],
   [26,41,2021],
   [26,43,367],
   [26,45,2360],
   [26,46,1950],
   [27,1,2460],
   [27,2,2360],
   [27,3,1220],
   [27,5,2590],
   [27,9,2322],
   [27,12,2460],
   [27,22,965],
   [27,23,354],
   [27,24,324],
   [27,30,255],
   [27,37,2564],
   [27,42,352],
   [28,1,1910],
   [28,3,1206],
   [28,8,1200],
   [28,11,1340],
   [28,12,2447],
   [28,17,1522],
   [28,18,1720],
   [28,20,338],
   [28,22,978],
   [28,23,371],
   [28,24,342],
   [28,29,226],
   [28,30,226],
   [28,31,844],
   [28,33,1174],
   [28,35,2433],
   [28,38,1350],
   [28,42,370],
   [28,46,1954],
   [29,1,1590],
   [29,3,1080],
   [29,4,1400],
   [29,5,2100],
   [29,6,1865],
   [29,8,986],
   [29,9,2080],
   [29,10,1822],
   [29,11,1190],
   [29,12,1980],
   [29,13,589],
   [29,15,1930],
   [29,16,2085],
   [29,17,991],
   [29,18,1250],
   [29,20,508],
   [29,21,1818],
   [29,22,687],
   [29,23,597],
   [29,24,584],
   [29,25,1884],
   [29,26,626],
   [29,28,226],
   [29,30,368],
   [29,31,390],
   [29,33,1086],
   [29,34,1428],
   [29,35,1969],
   [29,39,694],
   [29,41,1560],
   [29,42,586],
   [29,43,601],
   [29,45,1920],
   [29,46,1480],
   [30,1,1740],
   [30,2,2304],
   [30,3,1080],
   [30,4,1582],
   [30,5,2370],
   [30,6,2106],
   [30,7,2089],
   [30,8,1050],
   [30,9,2173],
   [30,10,2059],
   [30,11,1220],
   [30,12,2240],
   [30,13,236],
   [30,15,2030],
   [30,16,2169],
   [30,17,1299],
   [30,18,1510],
   [30,20,255],
   [30,21,2020],
   [30,22,866],
   [30,23,412],
   [30,24,386],
   [30,25,1984],
   [30,26,258],
   [30,27,255],
   [30,28,226],
   [30,29,368],
   [30,31,627],
   [30,33,1069],
   [30,34,1500],
   [30,35,2227],
   [30,36,1319],
   [30,37,2762],
   [30,38,1230],
   [30,39,582],
   [30,41,1819],
   [30,42,406],
   [30,43,364],
   [30,45,2170],
   [30,46,1740],
   [31,1,1200],
   [31,2,2400],
   [31,3,768],
   [31,4,1010],
   [31,5,1750],
   [31,6,1490],
   [31,7,1470],
   [31,8,640],
   [31,9,1700],
   [31,10,1450],
   [31,11,861],
   [31,12,1620],
   [31,13,860],
   [31,14,1610],
   [31,15,1540],
   [31,16,1710],
   [31,17,679],
   [31,18,885],
   [31,19,1677],
   [31,20,601],
   [31,21,1430],
   [31,22,1020],
   [31,23,965],
   [31,24,946],
   [31,25,1500],
   [31,26,852],
   [31,28,844],
   [31,29,390],
   [31,30,627],
   [31,33,795],
   [31,34,1060],
   [31,35,1600],
   [31,36,691],
   [31,37,3364],
   [31,38,882],
   [31,39,564],
   [31,41,1197],
   [31,42,954],
   [31,43,638],
   [31,44,303],
   [31,45,1550],
   [31,46,1120],
   [32,1,780],
   [32,5,166],
   [32,7,233],
   [32,9,1100],
   [32,15,972],
   [32,16,1120],
   [32,18,735],
   [32,19,1060],
   [32,25,1030],
   [32,45,114],
   [32,46,503],
   [33,1,872],
   [33,3,66],
   [33,4,820],
   [33,6,1410],
   [33,8,248],
   [33,9,1143],
   [33,10,1360],
   [33,11,190],
   [33,12,1580],
   [33,13,1210],
   [33,15,1038],
   [33,16,1140],
   [33,17,1097],
   [33,18,1040],
   [33,20,841],
   [33,21,1222],
   [33,22,1772],
   [33,23,1480],
   [33,24,1451],
   [33,25,970],
   [33,26,1129],
   [33,28,1174],
   [33,29,1086],
   [33,30,1069],
   [33,31,795],
   [33,34,493],
   [33,35,1569],
   [33,38,192],
   [33,39,495],
   [33,41,1239],
   [33,42,1473],
   [33,45,1490],
   [33,46,1210],
   [34,1,424],
   [34,3,444],
   [34,4,471],
   [34,5,1370],
   [34,6,998],
   [34,7,969],
   [34,8,448],
   [34,9,674],
   [34,10,955],
   [34,11,304],
   [34,12,1180],
   [34,13,1670],
   [34,14,1180],
   [34,15,550],
   [34,16,674],
   [34,17,1039],
   [34,18,838],
   [34,20,1300],
   [34,21,778],
   [34,22,2082],
   [34,23,1910],
   [34,24,1880],
   [34,25,488],
   [34,26,1599],
   [34,29,1428],
   [34,30,1500],
   [34,31,1060],
   [34,33,493],
   [34,35,1167],
   [34,38,302],
   [34,41,917],
   [34,42,1898],
   [34,45,1090],
   [34,46,928],
   [35,1,745],
   [35,3,1500],
   [35,4,745],
   [35,5,200],
   [35,6,169],
   [35,7,199],
   [35,8,1370],
   [35,9,1065],
   [35,10,212],
   [35,11,1400],
   [35,13,2450],
   [35,15,938],
   [35,16,1087],
   [35,17,1008],
   [35,18,717],
   [35,19,1023],
   [35,20,2133],
   [35,21,416],
   [35,22,2393],
   [35,23,2560],
   [35,24,2541],
   [35,25,997],
   [35,26,2425],
   [35,28,2433],
   [35,29,1969],
   [35,30,2227],
   [35,31,1600],
   [35,33,1569],
   [35,34,1167],
   [35,37,4950],
   [35,38,1410],
   [35,40,1611],
   [35,41,402],
   [35,42,2547],
   [35,45,79],
   [35,46,486],
   [36,1,694],
   [36,4,481],
   [36,8,686],
   [36,13,1550],
   [36,15,1097],
   [36,17,220],
   [36,18,195],
   [36,31,691],
   [36,30,1319],
   [36,46,429],
   [37,1,4502],
   [37,2,2778],
   [37,3,3755],
   [37,5,5083],
   [37,8,3770],
   [37,10,4806],
   [37,11,3890],
   [37,12,4970],
   [37,13,2550],
   [37,17,3964],
   [37,18,4230],
   [37,20,2911],
   [37,22,2670],
   [37,23,2390],
   [37,24,2410],
   [37,26,2614],
   [37,27,2564],
   [37,30,2762],
   [37,31,3364],
   [37,35,4950],
   [37,42,2405],
   [38,1,693],
   [38,3,152],
   [38,4,669],
   [38,5,1610],
   [38,6,1240],
   [38,7,1220],
   [38,8,248],
   [38,9,955],
   [38,12,1430],
   [38,13,1390],
   [38,14,1430],
   [38,15,847],
   [38,16,953],
   [38,20,1020],
   [38,21,1050],
   [38,24,1618],
   [38,22,1891],
   [38,25,779],
   [38,26,1310],
   [38,28,1350],
   [38,30,1230],
   [38,31,882],
   [38,33,192],
   [38,34,302],
   [38,35,1410],
   [38,39,675],
   [38,40,1994],
   [38,41,1110],
   [38,42,1638],
   [38,45,1330],
   [39,1,1279],
   [39,3,527],
   [39,8,549],
   [39,11,665],
   [39,13,712],
   [39,18,1234],
   [39,20,346],
   [39,22,1367],
   [39,26,634],
   [39,29,694],
   [39,30,582],
   [39,31,564],
   [39,33,495],
   [39,38,675], 
   [39,42,985],
   [40,1,1550],
   [40,5,1677],
   [40,6,1567],
   [40,7,1557],
   [40,8,2162],
   [40,9,1045],
   [40,10,1573],
   [40,11,2004],
   [40,12,1600],
   [40,15,1188],
   [40,16,1044],
   [40,18,2072],
   [40,19,1062],
   [40,21,1434],
   [40,25,1236],
   [40,35,1611],
   [40,38,1994],
   [40,45,1580],
   [41,1,556],
   [41,3,1173],
   [41,4,448],
   [41,5,560],
   [41,6,313],
   [41,7,309],
   [41,8,1019],
   [41,9,1063],
   [41,10,287],
   [41,11,1090],
   [41,12,423],
   [41,13,2047],
   [41,14,417],
   [41,15,896],
   [41,16,1082],
   [41,17,620],
   [41,18,314],
   [41,19,1021],
   [41,20,1733],
   [41,21,416],
   [41,23,2154],
   [41,25,928],
   [41,26,2021],
   [41,29,1560],
   [41,30,1819],
   [41,31,1197],
   [41,33,1239],
   [41,34,917],
   [41,35,402],
   [41,38,1110],
   [41,45,362],
   [41,46,96],
   [42,1,2124],
   [42,3,1493],
   [42,4,1953],
   [42,5,2680],
   [42,6,2440],
   [42,8,1452],
   [42,10,2401],
   [42,12,2567],
   [42,13,337],
   [42,17,1578],
   [42,18,1830],
   [42,20,644],
   [42,22,671],
   [42,26,446],
   [42,27,352],
   [42,28,370],
   [42,29,586],
   [42,30,406],
   [42,31,954],
   [42,33,1473],
   [42,35,2547],
   [42,34,1898],
   [42,37,2405],
   [42,38,1638],
   [42,39,985],
   [42,46,2062],
   [43,1,1540],
   [43,3,795],
   [43,8,810],
   [43,11,933],
   [43,12,2131],
   [43,13,450],
   [43,17,1296],
   [43,18,1434],
   [43,20,110],
   [43,22,1215],
   [43,23,750],
   [43,24,720],
   [43,26,367],
   [43,29,601],
   [43,30,364],
   [43,31,638],
   [44,8,549],
   [44,13,708],
   [44,20,369],
   [44,31,303],
   [45,1,667],
   [45,3,1430],
   [45,4,674],
   [45,5,278],
   [45,6,91],
   [45,7,120],
   [45,8,1300],
   [45,9,995],
   [45,10,135],
   [45,11,1320],
   [45,12,93],
   [45,13,2390],
   [45,14,94],
   [45,15,863],
   [45,16,1020],
   [45,17,977],
   [45,18,676],
   [45,19,953],
   [45,20,2070],
   [45,21,338],
   [45,22,2370],
   [45,23,2510],
   [45,25,922],
   [45,26,2360],
   [45,29,1920],
   [45,30,2170],
   [45,31,1550],
   [45,32,114],
   [45,33,1490],
   [45,34,1090],
   [45,35,79],
   [45,38,1330],
   [45,40,1580],
   [45,41,362],
   [45,46,727],
   [46,1,596],
   [46,3,1140],
   [46,4,456],
   [46,5,629],
   [46,6,408],
   [46,7,405],
   [46,8,986],
   [46,9,1130],
   [46,10,383],
   [46,11,1080],
   [46,12,507],
   [46,13,1970],
   [46,14,500],
   [46,15,958],
   [46,16,1150],
   [46,17,526],
   [46,18,234],
   [46,19,1090],
   [46,20,1670],
   [46,21,501],
   [46,22,1920],
   [46,23,2070],
   [46,24,2056],
   [46,25,985],
   [46,26,1950],
   [46,28,1954],
   [46,29,1480],
   [46,30,1740],
   [46,31,1120],
   [46,32,503],
   [46,33,1210],
   [46,34,928],
   [46,35,486],
   [46,36,429],
   [46,41,96],
   [46,42,2062],
   [46,45,727]]

# ---------------------------------------------------------------------------------------
# This second set of routes represents the majority of the route data. It is used when
# building or searching the full graph containing all airports and all routes.
# ---------------------------------------------------------------------------------------
EXTRA_ROUTES = 
  [[1,47,740],
   [1,49,4198],
   [1,51,4381],
   [1,52,4600],
   [1,54,6832],
   [1,58,7581],
   [1,60,3926],
   [1,67,7640],
   [1,68,5021],
   [1,70,4387],
   [1,74,4322],
   [1,76,4677],
   [1,79,4412],
   [1,80,4782],
   [1,83,516],
   [1,84,4086],
   [1,85,994],
   [1,99,1910],
   [1,106,7442],
   [1,122,7133],
   [1,126,8434],
   [1,131,4745],
   [1,132,4663],
   [1,133,5015],
   [1,134,3189],
   [1,135,4712],
   [1,136,1331],
   [1,137,1183],
   [1,138,224],
   [1,147,527],
   [1,148,1026],
   [1,149,2167],
   [1,150,759],
   [1,151,1894],
   [1,152,749],
   [1,153,831],
   [1,161,5742],
   [1,168,4667],
   [1,178,226],
   [1,180,883],
   [1,181,1834],
   [1,182,331],
   [1,183,374],
   [1,184,432],
   [1,185,691],
   [1,186,719],
   [1,187,484],
   [1,188,1266],
   [1,189,670],
   [1,190,591],
   [1,193,820],
   [1,194,672],
   [1,195,1556],
   [1,198,4493],
   [1,202,4089],
   [1,208,726],
   [1,209,596],
   [1,210,867],
   [1,211,647],
   [1,218,2113],
   [1,220,1599],
   [1,221,1145],
   [1,224,5834],
   [1,225,1120],
   [1,227,452],
   [1,236,1800],
   [1,237,1718],
   [1,238,515],
   [1,239,270],
   [1,240,902],
   [1,241,1437],
   [1,242,619],
   [1,243,1632],
   [1,244,2086],
   [1,245,1203],
   [1,246,1363],
   [1,263,1181],
   [1,264,151],
   [1,265,134],
   [1,268,322],
   [1,269,712],
   [1,270,550],
   [1,277,241],
   [1,280,1988],
   [1,281,447],
   [1,283,852],
   [1,288,780],
   [1,291,858],
   [1,293,1701],
   [1,295,562],
   [1,296,480],
   [1,297,1936],
   [1,301,565],
   [1,305,304],
   [1,306,1370],
   [1,307,794],
   [1,312,745],
   [1,359,533],
   [1,360,2104],
   [1,362,743],
   [1,363,316],
   [1,364,499],
   [1,365,918],
   [1,367,1084],
   [1,369,1359],
   [1,371,448],
   [1,372,1137],
   [1,373,191],
   [1,374,106],
   [1,375,258],
   [1,378,363],
   [1,379,433],
   [1,382,350],
   [1,383,1123],
   [1,385,953],
   [1,386,577],
   [1,387,509],
   [1,389,1468],
   [1,392,351],
   [1,394,801],
   [1,395,641],
   [1,396,306],
   [1,397,153],
   [1,398,340],
   [1,402,502],
   [1,403,1593],
   [1,406,147],
   [1,408,633],
   [1,410,447],
   [1,411,302],
   [1,412,708],
   [1,415,1104],
   [1,416,272],
   [1,417,1726],
   [1,418,1318],
   [1,420,1424],
   [1,421,214],
   [1,422,1692],
   [1,429,152],
   [1,430,250],
   [1,431,588],
   [1,434,2013],
   [1,435,529],
   [1,437,951],
   [1,438,793],
   [1,441,164],
   [1,445,445],
   [1,447,631],
   [1,448,357],
   [1,450,775],
   [1,525,143],
   [1,527,960],
   [1,528,330],
   [1,529,237],
   [1,530,376],
   [1,531,398],
   [1,563,2364],
   [1,571,300],
   [1,573,1390],
   [1,574,1299],
   [1,575,1274],
   [1,576,933],
   [1,577,1488],
   [1,578,1281],
   [1,580,1008],
   [1,581,659],
   [1,582,730],
   [1,584,4178],
   [1,592,1698],
   [1,600,1861],
   [1,602,1638],
   [1,609,692],
   [1,610,146],
   [1,611,765],
   [1,612,714],
   [1,613,597],
   [1,614,238],
   [1,615,456],
   [1,616,83],
   [1,617,366],
   [1,618,171],
   [1,619,432],
   [1,620,645],
   [1,621,240],
   [1,622,369],
   [1,623,684],
   [1,624,79],
   [1,625,266],
   [1,626,443],
   [1,627,197],
   [1,628,507],
   [1,629,323],
   [1,630,567],
   [1,631,227],
   [1,632,700],
   [1,633,252],
   [1,634,208],
   [1,883,1301],
   [1,947,840],
   [2,149,1538],
   [2,159,260],
   [2,217,3368],
   [2,884,1366],
   [2,886,1579],
   [2,1092,397],
   [2,1093,722],
   [2,1094,618],
   [2,1095,159],
   [2,1096,1188],
   [2,1097,327],
   [2,1098,252],
   [2,1099,59],
   [2,1100,117],
   [2,1101,194],
   [2,1102,569],
   [2,1103,287],
   [2,1104,219],
   [2,1105,317],
   [2,1106,537],
   [2,1107,546],
   [2,1108,766],
   [2,1109,624],
   [2,1110,555],
   [2,1111,440],
   [2,1112,763],
   [2,1113,391],
   [2,1114,125],
   [2,2658,1950],
   [3,47,1357],
   [3,49,4901],
   [3,50,4921],
   [3,52,5294],
   [3,99,1671],
   [3,136,748],
   [3,147,1209],
   [3,149,1712],
   [3,150,359],
   [3,151,1193],
   [3,178,1030],
   [3,180,922],
   [3,182,558],
   [3,183,957],
   [3,184,919],
   [3,185,650],
   [3,186,189],
   [3,187,722],
   [3,188,618],
   [3,189,1032],
   [3,190,972],
   [3,193,773],
   [3,194,427],
   [3,208,1284],
   [3,227,446],
   [3,239,952],
   [3,240,1660],
   [3,244,1477],
   [3,265,681],
   [3,268,875],
   [3,269,1364],
   [3,271,1373],
   [3,273,341],
   [3,277,708],
   [3,278,274],
   [3,280,1402],
   [3,281,1072],
   [3,362,814],
   [3,368,419],
   [3,371,389],
   [3,375,1053],
   [3,389,755],
   [3,395,1103],
   [3,416,625],
   [3,422,887],
   [3,429,881],
   [3,430,664],
   [3,431,463],
   [3,444,890],
   [3,549,992],
   [3,605,1238],
   [3,883,812],
   [3,909,1298],
   [3,929,508],
   [3,1274,917],
   [4,47,641],
   [4,49,4168],
   [4,83,723],
   [4,99,1698],
   [4,147,461],
   [4,149,1967],
   [4,150,614],
   [4,178,328],
   [4,180,1042],
   [4,182,200],
   [4,183,230],
   [4,184,249],
   [4,185,490],
   [4,186,621],
   [4,187,272],
   [4,189,476],
   [4,190,395],
   [4,239,484],
   [4,240,905],
   [4,269,632],
   [4,277,402],
   [4,281,337],
   [4,296,526],
   [4,363,470],
   [4,375,438],
   [4,397,265],
   [4,416,391],
   [4,421,417],
   [4,430,390],
   [4,438,740],
   [4,445,649],
   [4,549,598],
   [4,609,683],
   [4,627,109],
   [4,632,704],
   [4,633,174],
   [4,1115,242],
   [4,1116,130],
   [4,1274,613],
   [4,1295,693],
   [5,47,445],
   [5,48,2505],
   [5,49,3254],
   [5,50,3272],
   [5,51,3436],
   [5,52,3656],
   [5,54,6682],
   [5,58,6645],
   [5,60,2982],
   [5,61,7952],
   [5,64,6716],
   [5,67,7288],
   [5,68,4079],
   [5,70,3445],
   [5,73,3637],
   [5,74,3398],
   [5,76,3732],
   [5,78,309],
   [5,79,3468],
   [5,80,3838],
   [5,83,1250],
   [5,84,3143],
   [5,85,254],
   [5,87,3576],
   [5,91,2885],
   [5,92,3492],
   [5,94,3273],
   [5,96,3058],
   [5,106,6501],
   [5,122,6808],
   [5,132,4805],
   [5,136,2276],
   [5,146,5475],
   [5,147,495],
   [5,149,2529],
   [5,152,342],
   [5,161,4798],
   [5,163,413],
   [5,177,3658],
   [5,178,727],
   [5,180,1736],
   [5,181,2510],
   [5,183,750],
   [5,184,816],
   [5,185,1252],
   [5,186,1551],
   [5,187,1044],
   [5,189,857],
   [5,190,858],
   [5,198,3550],
   [5,202,3182],
   [5,208,1251],
   [5,217,2406],
   [5,218,2136],
   [5,220,1696],
   [5,221,772],
   [5,225,1697],
   [5,237,2063],
   [5,238,468],
   [5,239,1010],
   [5,241,1650],
   [5,242,334],
   [5,269,394],
   [5,281,638],
   [5,283,145],
   [5,293,1742],
   [5,296,473],
   [5,307,153],
   [5,312,1490],
   [5,360,2608],
   [5,363,738],
   [5,375,818],
   [5,415,1424],
   [5,417,2354],
   [5,420,2270],
   [5,421,901],
   [5,435,547],
   [5,438,264],
   [5,445,1221],
   [5,515,2387],
   [5,573,1654],
   [5,574,1585],
   [5,578,1644],
   [5,599,2008],
   [5,600,1887],
   [5,605,2593],
   [5,608,274],
   [5,852,3385],
   [5,1053,200],
   [5,1059,432],
   [5,1081,91],
   [5,1082,148],
   [5,1083,196],
   [5,1084,61],
   [5,1085,109],
   [5,1086,70],
   [5,1087,332],
   [5,1088,45],
   [5,1089,151],
   [5,1090,127],
   [5,1091,213],
   [5,1764,2291],
   [5,2095,261],
   [6,47,347],
   [6,49,3622],
   [6,83,921],
   [6,85,460],
   [6,147,210],
   [6,148,451],
   [6,149,2351],
   [6,150,1176],
   [6,152,277],
   [6,178,361],
   [6,180,1391],
   [6,182,785],
   [6,183,429],
   [6,184,514],
   [6,185,963],
   [6,186,1206],
   [6,187,735],
   [6,188,1665],
   [6,189,639],
   [6,190,609],
   [6,194,1068],
   [6,208,977],
   [6,209,879],
   [6,217,2754],
   [6,225,1429],
   [6,227,910],
   [6,237,1886],
   [6,238,160],
   [6,239,663],
   [6,240,327],
   [6,241,1507],
   [6,243,2068],
   [6,244,2388],
   [6,265,681],
   [6,268,493],
   [6,269,281],
   [6,277,799],
   [6,281,336],
   [6,283,288],
   [6,291,283],
   [6,305,435],
   [6,307,219],
   [6,363,400],
   [6,375,472],
   [6,379,405],
   [6,395,527],
   [6,397,425],
   [6,421,549],
   [6,429,463],
   [6,430,819],
   [6,437,376],
   [6,441,413],
   [6,445,881],
   [6,599,1946],
   [6,600,1826],
   [6,620,452],
   [6,1064,139],
   [6,1066,176],
   [7,47,359],
   [7,78,452],
   [7,83,893],
   [7,85,487],
   [7,138,716],
   [7,147,204],
   [7,149,2343],
   [7,150,1154],
   [7,152,296],
   [7,163,809],
   [7,178,331],
   [7,182,760],
   [7,183,410],
   [7,184,498],
   [7,185,946],
   [7,186,1181],
   [7,187,717],
   [7,189,633],
   [7,190,599],
   [7,193,1008],
   [7,208,954],
   [7,227,885],
   [7,238,143],
   [7,239,634],
   [7,240,356],
   [7,264,612],
   [7,265,652],
   [7,268,472],
   [7,269,296],
   [7,281,322],
   [7,283,318],
   [7,291,313],
   [7,305,413],
   [7,307,248],
   [7,362,895],
   [7,363,372],
   [7,373,408],
   [7,374,522],
   [7,375,444],
   [7,379,390],
   [7,395,523],
   [7,396,248],
   [7,397,395],
   [7,398,859],
   [7,406,693],
   [7,412,705],
   [7,416,816],
   [7,421,520],
   [7,429,436],
   [7,430,789],
   [7,431,960],
   [7,435,273],
   [7,437,406],
   [7,438,298],
   [7,445,852],
   [7,447,478],
   [7,525,468],
   [7,526,589],
   [7,527,437],
   [7,528,285],
   [7,529,502],
   [7,530,320],
   [7,531,280],
   [7,626,771],
   [7,1081,404],
   [7,1086,382],
   [8,47,1197],
   [8,48,1751],
   [8,49,4736],
   [8,51,4933],
   [8,52,5127],
   [8,54,6410],
   [8,55,8574],
   [8,58,8022],
   [8,60,4458],
   [8,61,8105],
   [8,64,6951],
   [8,67,7332],
   [8,68,5597],
   [8,70,4905],
   [8,74,4950],
   [8,80,5313],
   [8,83,1015],
   [8,85,1510],
   [8,86,1629],
   [8,99,1522],
   [8,106,7914],
   [8,122,6822],
   [8,131,5228],
   [8,132,5119],
   [8,133,5299],
   [8,134,3368],
   [8,135,4884],
   [8,136,938],
   [8,138,765],
   [8,147,1065],
   [8,149,1613],
   [8,150,175],
   [8,151,1185],
   [8,164,8053],
   [8,178,933],
   [8,180,1029],
   [8,181,1123],
   [8,182,430],
   [8,183,810],
   [8,184,760],
   [8,185,461],
   [8,187,550],
   [8,188,567],
   [8,189,853],
   [8,193,584],
   [8,194,237],
   [8,195,983],
   [8,196,3702],
   [8,198,5015],
   [8,208,1298],
   [8,211,1088],
   [8,217,3733],
   [8,225,1545],
   [8,227,304],
   [8,237,2211],
   [8,238,1209],
   [8,239,916],
   [8,241,2029],
   [8,243,1780],
   [8,244,1427],
   [8,245,1319],
   [8,246,1440],
   [8,263,591],
   [8,264,601],
   [8,265,596],
   [8,267,835],
   [8,268,731],
   [8,269,1210],
   [8,270,189],
   [8,271,1270],
   [8,273,281],
   [8,277,684],
   [8,278,462],
   [8,280,1342],
   [8,281,924],
   [8,288,329],
   [8,289,308],
   [8,291,1467],
   [8,292,1080],
   [8,295,364],
   [8,296,1155],
   [8,297,2450],
   [8,300,180],
   [8,301,672],
   [8,305,783],
   [8,306,1329],
   [8,314,355],
   [8,356,157],
   [8,357,89],
   [8,358,164],
   [8,359,689],
   [8,360,2442],
   [8,361,270],
   [8,362,624],
   [8,363,1045],
   [8,364,284],
   [8,365,1056],
   [8,366,837],
   [8,367,525],
   [8,368,311],
   [8,369,866],
   [8,370,483],
   [8,371,382],
   [8,372,1191],
   [8,373,919],
   [8,374,693],
   [8,375,984],
   [8,376,692],
   [8,377,490],
   [8,379,860],
   [8,380,603],
   [8,381,673],
   [8,382,641],
   [8,383,968],
   [8,384,1310],
   [8,385,738],
   [8,386,227],
   [8,387,858],
   [8,388,404],
   [8,389,937],
   [8,390,140],
   [8,391,771],
   [8,392,499],
   [8,393,562],
   [8,394,135],
   [8,395,930],
   [8,396,996],
   [8,397,860],
   [8,398,407],
   [8,399,327],
   [8,400,140],
   [8,401,295],
   [8,402,350],
   [8,403,1704],
   [8,404,397],
   [8,405,470],
   [8,406,620],
   [8,407,432],
   [8,408,691],
   [8,409,934],
   [8,410,292],
   [8,411,538],
   [8,412,821],
   [8,413,876],
   [8,414,952],
   [8,415,1696],
   [8,416,602],
   [8,417,1993],
   [8,418,870],
   [8,419,434],
   [8,420,1434],
   [8,421,923],
   [8,422,1023],
   [8,423,228],
   [8,424,772],
   [8,425,630],
   [8,426,113],
   [8,427,635],
   [8,428,102],
   [8,429,770],
   [8,430,639],
   [8,431,281],
   [8,432,771],
   [8,441,846],
   [8,443,720],
   [8,444,768],
   [8,445,943],
   [8,525,871],
   [8,530,1103],
   [8,563,2584],
   [8,571,898],
   [8,573,1965],
   [8,575,1333],
   [8,576,942],
   [8,577,1589],
   [8,580,1349],
   [8,603,2385],
   [8,605,1228],
   [8,625,483],
   [8,629,461],
   [8,630,845],
   [8,640,3716],
   [8,651,657],
   [8,865,1267],
   [8,872,1426],
   [8,877,1312],
   [8,883,701],
   [8,886,1475],
   [8,890,1019],
   [8,895,757],
   [8,909,1162],
   [8,919,1045],
   [8,921,1318],
   [8,929,332],
   [8,934,978],
   [8,936,713],
   [8,941,677],
   [8,950,721],
   [8,969,1022],
   [8,1082,1657],
   [8,1119,1127],
   [8,1123,1098],
   [8,1127,851],
   [8,2076,422],
   [8,2082,352],
   [8,3259,225],
   [8,3306,363],
   [8,3416,335],
   [9,47,1216],
   [9,50,4410],
   [9,51,4558],
   [9,58,7808],
   [9,73,4667],
   [9,74,4395],
   [9,78,1352],
   [9,85,1386],
   [9,92,4708],
   [9,93,4944],
   [9,99,2477],
   [9,123,2101],
   [9,134,2638],
   [9,136,1287],
   [9,137,602],
   [9,138,393],
   [9,147,996],
   [9,152,1185],
   [9,163,1594],
   [9,166,1880],
   [9,177,4851],
   [9,178,633],
   [9,180,549],
   [9,182,850],
   [9,183,933],
   [9,184,1006],
   [9,185,1242],
   [9,186,1106],
   [9,187,1057],
   [9,189,1244],
   [9,190,1168],
   [9,208,182],
   [9,209,96],
   [9,210,319],
   [9,211,145],
   [9,218,1612],
   [9,220,1106],
   [9,223,1628],
   [9,225,542],
   [9,237,1145],
   [9,238,782],
   [9,239,319],
   [9,240,1190],
   [9,241,913],
   [9,243,1141],
   [9,268,897],
   [9,269,1167],
   [9,281,974],
   [9,283,1206],
   [9,291,1175],
   [9,293,1222],
   [9,296,807],
   [9,298,1949],
   [9,305,866],
   [9,306,1038],
   [9,307,1094],
   [9,308,1178],
   [9,309,1120],
   [9,310,61],
   [9,312,256],
   [9,360,1528],
   [9,363,530],
   [9,372,787],
   [9,375,471],
   [9,389,1515],
   [9,395,1199],
   [9,396,692],
   [9,397,621],
   [9,415,579],
   [9,416,524],
   [9,417,1175],
   [9,420,1046],
   [9,429,710],
   [9,430,493],
   [9,435,1028],
   [9,438,1198],
   [9,441,662],
   [9,559,439],
   [9,560,225],
   [9,563,1813],
   [9,569,982],
   [9,573,852],
   [9,574,762],
   [9,575,888],
   [9,577,1038],
   [9,578,720],
   [9,580,474],
   [9,581,192],
   [9,582,220],
   [9,583,2837],
   [9,588,3843],
   [9,592,1121],
   [9,593,1575],
   [9,594,1409],
   [9,600,1374],
   [9,602,1139],
   [9,608,979],
   [9,609,1042],
   [9,617,222],
   [9,620,1184],
   [9,632,1028],
   [9,795,275],
   [9,1050,1319],
   [9,1051,982],
   [9,1052,1213],
   [9,1053,1336],
   [9,1054,177],
   [9,1055,244],
   [9,1056,378],
   [9,1057,1521],
   [9,1143,353],
   [9,1144,248],
   [9,1219,503],
   [9,1438,1181],
   [9,1581,4044],
   [9,2073,1029],
   [9,2090,962],
   [9,2097,1311],
   [9,2102,1286],
   [9,2190,669],
   [9,3265,271],
   [9,3273,644],
   [9,3322,444],
   [10,47,346],
   [10,49,3665],
   [10,51,3848],
   [10,52,4067],
   [10,54,6734],
   [10,58,7051],
   [10,59,7487],
   [10,60,3393],
   [10,61,8135],
   [10,64,6900],
   [10,68,4491],
   [10,70,3854],
   [10,73,4046],
   [10,74,3804],
   [10,75,4449],
   [10,76,4144],
   [10,77,4077],
   [10,78,450],
   [10,79,3879],
   [10,80,4249],
   [10,84,3553],
   [10,85,489],
   [10,94,3684],
   [10,96,3465],
   [10,103,4851],
   [10,106,6909],
   [10,122,6938],
   [10,132,4750],
   [10,134,3519],
   [10,136,1864],
   [10,145,7180],
   [10,146,5887],
   [10,147,182],
   [10,148,492],
   [10,149,2320],
   [10,150,1133],
   [10,152,288],
   [10,154,6557],
   [10,161,5208],
   [10,164,7070],
   [10,177,4060],
   [10,178,321],
   [10,180,1357],
   [10,183,387],
   [10,184,475],
   [10,185,923],
   [10,187,694],
   [10,190,576],
   [10,193,985],
   [10,194,1025],
   [10,202,3580],
   [10,208,960],
   [10,215,6577],
   [10,217,2791],
   [10,220,1608],
   [10,225,1412],
   [10,237,1882],
   [10,238,157],
   [10,239,631],
   [10,240,371],
   [10,241,1509],
   [10,242,94],
   [10,243,2042],
   [10,244,2350],
   [10,249,6732],
   [10,263,1459],
   [10,264,594],
   [10,268,450],
   [10,269,284],
   [10,281,299],
   [10,283,325],
   [10,291,325],
   [10,293,1681],
   [10,296,100],
   [10,305,391],
   [10,306,1860],
   [10,323,5289],
   [10,332,3818],
   [10,360,2373],
   [10,373,401],
   [10,374,505],
   [10,375,442],
   [10,379,367],
   [10,395,501],
   [10,396,239],
   [10,397,384],
   [10,417,2066],
   [10,420,1898],
   [10,421,515],
   [10,422,2181],
   [10,429,419],
   [10,437,417],
   [10,438,296],
   [10,441,370],
   [10,443,1568],
   [10,444,1577],
   [10,448,177],
   [10,489,3601],
   [10,527,441],
